# Color Schemes
det.cols <- c("Detected" = "#4daf4a", "Not detected" = "#e41a1c", "Insufficient data" = "#984ea3", "Probable" = "#377eb8")
strain.cols <- c("VE303-01" = "#1b9e77", "VE303-02" = "#d95f02", "VE303-03" = "#7570b3", "VE303-04" = "#e7298a", "VE303-05" = "#66a61e", "VE303-06" = "#e6ab02", "VE303-07" = "#a6761d", "VE303-08" = "#666666")
#coh.cols <- c("Vanco" = "#0487e3", "Cohort 1" = "#dc2d00", "Cohort 2" = "#5b0076", "Cohort 3" = "#629449", "Cohort 4" = "#561600", "Cohort 5" = "#004631", "Cohort 6" = "#b87800", "Cohort 8" = "#b97696")
coh.cols <- c("Placebo" = "#0487e3", "VE303 High Dose" = "#dc2d00", "VE303 Low Dose" = "#5b0076")

pop.cols <- c("Primary" =  "#0487e3", "Recurrent" = "#dc2d00" )
 
phy.cols <- c("Actinobacteria" = "#e41a1c", "Bacteroidetes" = "#ffd73a", "Firmicutes" = "#4daf4a", "Fusobacteria" = "#ff7f00", "Proteobacteria" = "#377eb8", "Spirochaetes" = "#a65628", "Synergistetes" = "#f781bf", "Tenericutes" = "#999999", "Verrucomicrobia" = "#984ea3", "Lentisphaerae" = "brown")


cluster.cols <- c("I" = "#b30085", "II" = "#499600", "IV" = "#9f6068", "IX" = "#b9c458", "XI" = "#3f005a", "XIII" = "#ff9f53", "XIVa" = "#5cb3ff", "XV" = "#a80f00", "XVI" = "#007f4f", "XVII" = "#9bc1b2", "XVIII" = "#002228")

class.cols <- c("c__Actinobacteria" = "#ca0095", "c__Alphaproteobacteria" = "#fe07d2", "c__Bacilli" = "#585ce3", "c__Bacilli_A" = "#c35a00",
                "c__Desulfovibrionia" ="#aeb055", "c__Fusobacteriia" = "#00793f", "c__Gammaproteobacteria" ="#b6bbff", "c__Lentisphaeria"="#ff5837", 
                "c__Limnochordia"="#82000e", "c__Negativicutes"= "#ff74ad", "c__Peptococcia"="#966646", "c__Synergistia" ="#ff656b", 
                "c__Vampirovibrionia" ="#6c212a", "c__Verrucomicrobiae" ="#ad6d8b", "undefined" = "#c1cd82")

 

time.cols <- c("Baseline" ="#7570b3", "On vanco" = "#e6ab02", "Vanco" = "#a6761d", "Early recovery" = "#1b9e77" , "Late recovery" = "#d95f02", "Early no vanco" = "#e7298a", "Late no vanco" = "#66a61e")

tp.cols <- c("Baseline" = "#530024", "Day -1" = "#fbff4e", "Day 1" = "#6300bc", "Day 2" = "#38a400", "Day 4" = "#002685", "Day 5" = "#ffe04a", "Day 6" = "#ab8aff", "Day 7" = "#91b500", "Day 8" = "#ff4e91", "Day 10" = "#00b167", "Day 13" = "#c30b00", "Day 14" = "#01bade", "Day 28" = "#fe8300", "Day 56" ="#00908a", "Week 6" = "#eaba00", "Week 8" = "#002d2d", "Week 12" = "#e8ffc9", "Week 24"= "#ff939b", "Week 52" = "#dbfffc")

ve303.cols <- c("No" = "#0487e3", "Yes" = "#561600")
age.cols <- c("60 or above" = "#663399", "under 60" = "#CC99FF")

#rec.cols <- c("Bad" = "#0487e3", "Good" = "#561600")

eng.cols <- c("Low Engraft" = "indianred2", "High Engraft" = "cyan3")

abxscreen.cols <- c("True Screening" = "forestgreen" , "On-Abx Screening" =  "#af0800")
rec.cols <- c("Bad" = "indianred2", "Good" = "cyan3")

prepostrec.cols <- c("Post.rec" = "#0487e3", "No.rec" = "#561600", "Pre.rec" = "forestgreen")

prepostabx.cols <- c("Post.abx" = "#0487e3",   "Pre.abx" = "forestgreen")

ba.cols <- c("Unconjugated BA" = "#b2182b", "Primary Conjugated BA" = "#ef8a62", "Secondary Conjugated BA" = "#67a9cf", "Secondary Deconjugated BA" = "#2166ac")

sc.cols <- c("2-Methylbutyrate" = "#66c2a5", "Acetate" = "#fc8d62", "Butyrate" = "#8da0cb", "Hexanoate" = "#e78ac3", "Isobutyrate" = "#a6d854", "Isovalerate" = "#ffd92f", "Propionate" = "#e5c494", "Valerate" = "#b3b3b3")

#rec.cols <- c("No" = "#002c8f", "Yes" = "#d1cb1c", "Good" = "#002c8f", "Bad" = "#d1cb1c")

rec.type.cols <- c("No recurrence" = "#fd4900", "During dosing" = "#89d7a2", "Before Week 8"="#541c00", "After Week 8"="#f0bc93")

abx.cols <- c("Vancomycin"="#af0800", "Fidaxomicin"="#01ccd8", "Metronidazole"="#be36ea", "Other"="#344b00")
abx.cols1 <- c("On-Abx Screening" ="#dc2d00" , "True Screening" = "forestgreen"  )

amr.cols <- c("Vancomycin"="#af0800", "Macrolides"="#01ccd8", "Tetracyclines" = "#e9007a", "Lincosamides" = "#90d000",
              "Chloramphenicol" = "#bc47f9", "Aminoglycosides" = "#00d380", "Sulfonamides" = "#420752", "Beta-lactams" = "#ff773c",
              "Quarternary ammonium compounds" = "#006db8", "Streptothricins" = "#00520f", "Trimethoprim" = "#dabbed",
              "MLS (macrolides, lincosamides, streptogramins)" = "#4f4400")
